10010120005002 
10010120005003 
10010120005004 
10010120005005 
10010120005006 
10010120005007 
10010120005008 
10010120005009 
10010120005010 
10010120005011 
10010120005012 
10010120005013 
10010120005014 
10010120005015 
10010120005016 
10010120005017 
10010120005018 
10010120005019 
10010120005020 
10010120005021 
10010120005022 
10010120005023 
10010120005024 
10010120005025 
10010120005026 
10010120005027 
10010120005028 
10010120005029 
10010120005030 
10010120005031 
10010120005032 
10010120005033 
10010120005034 
10010120005035 
10010120005036 
10010120005037 
10010120005038 
10010120005039 
10010120005040 
10010120005041 
10010120005042 
10010120005043 
10010120005044 
10010120005045 
10010120005046 
10010120005047 
10010120005048 
10010120005049 
10010120005050 
10010120005051 
10010120005052 
10010120005053 
10010120005054 
10010120005055 
10010120005056 
10010120005057 
10010120005058 
10010120005059 
10010120005060 
10010120005061 
10010120005062 
10010120005063 
10010120005064 
10010120005065 
10010120005066 
10010120005067 
10010120005068 
10010120005069 
10010120005070 
10010120005071 
10010120005072 
10010120005073 
10010120005074 
10010120005075 
10010120005076 
10010120005077 
10010120005078 
10010120005079 
10010120005080 
10010120005081 
10010120005082 
10010120005083 
10010120005084 
10010120005085 
10010120005086 
10010120005087 
10010120005088 
10010120005089 
10010120005090 
10010120005091 
10010120005092 
10010120005093 
10010120005094 
10010120005095 
10010120005096 
10010120005097 
10010120005098 
10010120005099 
10010120005100 
10010120005101 
10010120005102 
10010120005103 
10010120005104 
10010120005105 
10010120005106 
10010120005107 
10010120005108 
10010120005109 
10010120005110 
10010120005111 
10010120005112 
10010120005113 
10010120005114 
10010120005115 
10010120005116 
10010120005117 
10010120005118 
10010120005119 
10010120005120 
10010120005121 
10010120005122 
10010120005123 
10010120005124 
10010120005125 
10010120005126 
10010120005127 
10010120005128 
10010120005129 
10010120005130 
10010120005131 
10010120005132 
10010120005133 
10010120005134 
10010120005135 
10010120005136 
10010120005137 
10010120005138 
10010120005139 
10010120005140 
10010120005141 
10010120005142 
10010120005143 
10010120005144 
10010120005145 
10010120005146 
10010120005147 
10010120005148 
10010120005149 
10010120005150 
10010120005151 
10010120005152 
10010120005153 
10010120005154 
10010120005155 
10010120005156 
10010120005157 
10010120005158 
10010120005159 
10010120005160 
10010120005161 
10010120005162 
10010120005163 
10010120005164 
10010120005165 
10010120005166 
10010120005167 
10010120005168 
10010120005169 
10010120005170 
10010120005171 
10010120005172 
10010120005173 
10010120005174 
10010120005175 
10010120005176 
10010120005177 
10010120005178 
10010120005179 
10010120005180 
10010120005181 
10010120005182 
10010120005183 
10010120005184 
10010120005185 
10010120005186 
10010120005187 
10010120005188 
10010120005189 
10010120005190 
10010120005191 
10010120005192 
10010120005193 
10010120005194 
10010120005195 
10010120005196 
10010120005197 
10010120005198 
10010120005199 
10010120005200 
10010120005201 
10010120005202 
10010120005203 
10010120005204 
10010120005205 
10010120005206 
10010120005207 
10010120005208 
10010120005209 
10010120005210 
10010120005211 
10010120005212 
10010120005213 
10010120005214 
10010120005215 
10010120005216 
10010120005217 
10010120005218 
10010120005219 
10010120005220 
10010120005221 
10010120005222 
10010120005223 
10010120005224 
10010120005225 
10010120005226 
10010120005227 
10010120005228 
10010120005229 
10010120005230 
10010120005231 
10010120005232 
10010120005233 
10010120005234 
10010120005235 
10010120005236 
10010120005237 
10010120005238 
10010120005239 
10010120005240 
10010120005241 
10010120005242 
10010120005243 
10010120005244 
10010120005245 
10010120005246 
10010120005247 
10010120005248 
10010120005249 
10010120005250 
10010120005251 
10010120005252 
10010120005253 
10010120005254 
10010120005255 
10010120005256 
10010120005257 
10010120005258 
10010120005259 
10010120005260 
10010120005261 
10010120005262 
10010120005263 
10010120005264 
10010120005265 
10010120005266 
10010120005267 
10010120005268 
10010120005269 
10010120005270 
10010120005271 
10010120005272 
10010120005273 
10010120005274 
10010120005275 
10010120005276 
10010120005277 
10010120005278 
10010120005279 
10010120005280 
10010120005281 
10010120005282 
10010120005283 
10010120005284 
10010120005285 
10010120005286 
10010120005287 
10010120005288 
10010120005289 
10010120005290 
10010120005291 
10010120005292 
10010120005293 
10010120005294 
10010120005295 
10010120005296 
10010120005297 
10010120005298 
10010120005299 
10010120005300 
10010120005301 
10010120005302 
10010120005303 
10010120005304 
10010120005305 
10010120005306 
10010120005307 
10010120005308 
10010120005309 
10010120005310 
10010120005311 
10010120005312 
10010120005313 
10010120005314 
10010120005315 
10010120005316 
10010120005317 
10010120005318 
10010120005319 
10010120005320 
10010120005321 
10010120005322 
10010120005323 
10010120005324 
10010120005325 
10010120005326 
10010120005327 
10010120005328 
10010120005329 
10010120005330 
10010120005331 
10010120005332 
10010120005333 
10010120005334 
10010120005335 
10010120005336 
10010120005337 
10010120005338 
10010120005339 
10010120005340 
10010120005341 
10010120005342 
10010120005343 
10010120005344 
10010120005345 
10010120005346 
10010120005347 
10010120005348 
10010120005349 
10010120005350 
10010120005351 
10010120005352 
10010120005353 
10010120005354 
10010120005355 
10010120005356 
10010120005357 
10010120005358 
10010120005359 
10010120005360 
10010120005361 
10010120005362 
10010120005363 
10010120005364 
10010120005365 
10010120005366 
10010120005367 
10010120005368 
10010120005369 
10010120005370 
10010120005371 
10010120005372 
10010120005373 
10010120005374 
10010120005375 
10010120005376 
10010120005377 
10010120005378 
10010120005379 
10010120005380 
10010120005381 
10010120005382 
10010120005383 
10010120005384 
10010120005385 
10010120005386 
10010120005387 
10010120005388 
10010120005389 
10010120005390 
10010120005391 
10010120005392 
10010120005393 
10010120005394 
10010120005395 
10010120005396 
10010120005397 
10010120005398 
10010120005399 
10010120005400 
10010120005401 
10010120005402 
10010120005403 
10010120005404 
10010120005405 
10010120005406 
10010120005407 
10010120005408 
10010120005409 
10010120005410 
10010120005411 
10010120005412 
10010120005413 
10010120005414 
10010120005415 
10010120005416 
10010120005417 
10010120005418 
10010120005419 
10010120005420 
10010120005421 
10010120005422 
10010120005423 
10010120005424 
10010120005425 
10010120005426 
10010120005427 
10010120005428 
10010120005429 
10010120005430 
10010120005431 
10010120005432 
10010120005433 
10010120005434 
10010120005435 
10010120005436 
10010120005437 
10010120005438 
10010120005439 
10010120005440 
10010120005441 
10010120005442 
10010120005443 
10010120005444 
10010120005445 
10010120005446 
10010120005447 
10010120005448 
10010120005449 
10010120005450 
10010120005451 
10010120005452 
10010120005453 
10010120005454 
10010120005455 
10010120005456 
10010120005457 
10010120005458 
10010120005459 
10010120005460 
10010120005461 
10010120005462 
10010120005463 
10010120005464 
10010120005465 
10010120005466 
10010120005467 
10010120005468 
10010120005469 
10010120005470 
10010120005471 
10010120005472 
10010120005473 
10010120005474 
10010120005475 
10010120005476 
10010120005477 
10010120005478 
10010120005479 
10010120005480 
10010120005481 
10010120005482 
10010120005483 
10010120005484 
10010120005485 
10010120005486 
10010120005487 
10010120005488 
10010120005489 
10010120005490 
10010120005491 
10010120005492 
10010120005493 
10010120005494 
10010120005495 
10010120005496 
10010120005497 
10010120005498 
10010120005499 
10010120005500 
10010120005501 
10010120005502 
10010120005503 
10010120005504 
10010120005505 
10010120005506 
10010120005507 
10010120005508 
10010120005509 
10010120005510 
10010120005511 
10010120005512 
10010120005513 
10010120005514 
10010120005515 
10010120005516 
10010120005517 
10010120005518 
10010120005519 
10010120005520 
10010120005521 
10010120005522 
10010120005523 
10010120005524 
10010120005525 
10010120005526 
10010120005527 
10010120005528 
10010120005529 
10010120005530 
10010120005531 
10010120005532 
10010120005533 
10010120005534 
10010120005535 
10010120005536 
10010120005537 
10010120005538 
10010120005539 
10010120005540 
10010120005541 
10010120005542 
10010120005543 
10010120005544 
10010120005545 
10010120005546 
10010120005547 
10010120005548 
10010120005549 
10010120005550 
10010120005551 
10010120005552 
10010120005553 
10010120005554 
10010120005555 
10010120005556 
10010120005557 
10010120005558 
10010120005559 
10010120005560 
10010120005561 
10010120005562 
10010120005563 
10010120005564 
10010120005565 
10010120005566 
10010120005567 
10010120005568 
10010120005569 
10010120005570 
10010120005571 
10010120005572 
10010120005573 
10010120005574 
10010120005575 
10010120005576 
10010120005577 
10010120005578 
10010120005579 
10010120005580 
10010120005581 
10010120005582 
10010120005583 
10010120005584 
10010120005585 
10010120005586 
10010120005587 
10010120005588 
10010120005589 
10010120005590 
10010120005591 
10010120005592 
10010120005593 
10010120005594 
10010120005595 
10010120005596 
10010120005597 
10010120005598 
10010120005599 
10010120005600 
10010120005601 
10010120005602 
10010120005603 
10010120005604 
10010120005605 
10010120005606 
10010120005607 
10010120005608 
10010120005609 
10010120005610 
10010120005611 
10010120005612 
10010120005613 
10010120005614 
10010120005615 
10010120005616 
10010120005617 
10010120005618 
10010120005619 
10010120005620 
10010120005621 
10010120005622 
10010120005623 
10010120005624 
10010120005625 
10010120005626 
10010120005627 
10010120005628 
10010120005629 
10010120005630 
10010120005631 
10010120005632 
10010120005633 
10010120005634 
10010120005635 
10010120005636 
10010120005637 
10010120005638 
10010120005639 
10010120005640 
10010120005641 
10010120005642 
10010120005643 
10010120005644 
10010120005645 
10010120005646 
10010120005647 
10010120005648 
10010120005649 
10010120005650 
10010120005651 
10010120005652 
10010120005653 
10010120005654 
10010120005655 
10010120005656 
10010120005657 
10010120005658 
10010120005659 
10010120005660 
10010120005661 
10010120005662 
10010120005663 
10010120005664 
10010120005665 
10010120005666 
10010120005667 
10010120005668 
10010120005669 
10010120005670 
10010120005671 
10010120005672 
10010120005673 
10010120005674 
10010120005675 
10010120005676 
10010120005677 
10010120005678 
10010120005679 
10010120005680 
10010120005681 
10010120005682 
10010120005683 
10010120005684 
10010120005685 
10010120005686 
10010120005687 
10010120005688 
10010120005689 
10010120005690 
10010120005691 
10010120005692 
10010120005693 
10010120005694 
10010120005695 
10010120005696 
10010120005697 
10010120005698 
10010120005699 
10010120005700 
10010120005701 
10010120005702 
10010120005703 
10010120005704 
10010120005705 
10010120005706 
10010120005707 
10010120005708 
10010120005709 
10010120005710 
10010120005711 
10010120005712 
10010120005713 
10010120005714 
10010120005715 
10010120005716 
10010120005717 
10010120005718 
10010120005719 
10010120005720 
10010120005721 
10010120005722 
10010120005723 
10010120005724 
10010120005725 
10010120005726 
10010120005727 
10010120005728 
10010120005729 
10010120005730 
10010120005731 
10010120005732 
10010120005733 
10010120005734 
10010120005735 
10010120005736 
10010120005737 
10010120005738 
10010120005739 
10010120005740 
10010120005741 
10010120005742 
10010120005743 
10010120005744 
10010120005745 
10010120005746 
10010120005747 
10010120005748 
10010120005749 
10010120005750 
10010120005751 
10010120005752 
10010120005753 
10010120005754 
10010120005755 
10010120005756 
10010120005757 
10010120005758 
10010120005759 
10010120005760 
10010120005761 
10010120005762 
10010120005763 
10010120005764 
10010120005765 
10010120005766 
10010120005767 
10010120005768 
10010120005769 
10010120005770 
10010120005771 
10010120005772 
10010120005773 
10010120005774 
10010120005775 
10010120005776 
10010120005777 
10010120005778 
10010120005779 
10010120005780 
10010120005781 
10010120005782 
10010120005783 
10010120005784 
10010120005785 
10010120005786 
10010120005787 
10010120005788 
10010120005789 
10010120005790 
10010120005791 
10010120005792 
10010120005793 
10010120005794 
10010120005795 
10010120005796 
10010120005797 
10010120005798 
10010120005799 
10010120005800 
10010120005801 
10010120005802 
10010120005803 
10010120005804 
10010120005805 
10010120005806 
10010120005807 
10010120005808 
10010120005809 
10010120005810 
10010120005811 
10010120005812 
10010120005813 
10010120005814 
10010120005815 
10010120005816 
10010120005817 
10010120005818 
10010120005819 
10010120005820 
10010120005821 
10010120005822 
10010120005823 
10010120005824 
10010120005825 
10010120005826 
10010120005827 
10010120005828 
10010120005829 
10010120005830 
10010120005831 
10010120005832 
10010120005833 
10010120005834 
10010120005835 
10010120005836 
10010120005837 
10010120005838 
10010120005839 
10010120005840 
10010120005841 
10010120005842 
10010120005843 
10010120005844 
10010120005845 
10010120005846 
10010120005847 
10010120005848 
10010120005849 
10010120005850 
10010120005851 
10010120005852 
10010120005853 
10010120005854 
10010120005855 
10010120005856 
10010120005857 
10010120005858 
10010120005859 
10010120005860 
10010120005861 
10010120005862 
10010120005863 
10010120005864 
10010120005865 
10010120005866 
10010120005867 
10010120005868 
10010120005869 
10010120005870 
10010120005871 
10010120005872 
10010120005873 
10010120005874 
10010120005875 
10010120005876 
10010120005877 
10010120005878 
10010120005879 
10010120005880 
10010120005881 
10010120005882 
10010120005883 
10010120005884 
10010120005885 
10010120005886 
10010120005887 
10010120005888 
10010120005889 
10010120005890 
10010120005891 
10010120005892 
10010120005893 
10010120005894 
10010120005895 
10010120005896 
10010120005897 
10010120005898 
10010120005899 
10010120005900 
10010120005901 
10010120005902 
10010120005903 
10010120005904 
10010120005905 
10010120005906 
10010120005907 
10010120005908 
10010120005909 
10010120005910 
10010120005911 
10010120005912 
10010120005913 
10010120005914 
10010120005915 
10010120005916 
10010120005917 
10010120005918 
10010120005919 
10010120005920 
10010120005921 
10010120005922 
10010120005923 
10010120005924 
10010120005925 
10010120005926 
10010120005927 
10010120005928 
10010120005929 
10010120005930 
10010120005931 
10010120005932 
10010120005933 
10010120005934 
10010120005935 
10010120005936 
10010120005937 
10010120005938 
10010120005939 
10010120005940 
10010120005941 
10010120005942 
10010120005943 
10010120005944 
10010120005945 
10010120005946 
10010120005947 
10010120005948 
10010120005949 
10010120005950 
10010120005951 
10010120005952 
10010120005953 
10010120005954 
10010120005955 
10010120005956 
10010120005957 
10010120005958 
10010120005959 
10010120005960 
10010120005961 
10010120005962 
10010120005963 
10010120005964 
10010120005965 
10010120005966 
10010120005967 
10010120005968 
10010120005969 
10010120005970 
10010120005971 
10010120005972 
10010120005973 
10010120005974 
10010120005975 
10010120005976 
10010120005977 
10010120005978 
10010120005979 
10010120005980 
10010120005981 
10010120005982 
10010120005983 
10010120005984 
10010120005985 
10010120005986 
10010120005987 
10010120005988 
10010120005989 
10010120005990 
10010120005991 
10010120005992 
10010120005993 
10010120005994 
10010120005995 
10010120005996 
10010120005997 
10010120005998 
10010120005999 
10010120006000 
10010120006001 
